   5 
   3    
  1      

     6   
    4    
    2    

   5
   3    
 7     

     6   
    4    
  1 

   5
 2     
 7

     6   
   3     
  1      

 4
 2
 7

====

     3
    1 
  5 
 
      4
      2
    6  
 
     3
   7
  5 
 
      4 
    1 
    6 
 
   2
   7
  5 
 
     3
    1 
    6 
 
   2
   7
4

====

        1
      5 
      3
    
     6
    4 
    2 
    
       7
      5 
      3
    
     6
    4 
    2 
    
       7
      5 
    2 
    
        1
        6
      3
    
       7
    4 
    2 