 34 5 6 71 2 34 5 6 71
1 2 34 5 6 71 2 34 5
6 71 2 34 5 6 71 2 34 5
 5 6 71 2 34 5 6 71 2 34
 34 5 6 71 2 34 5 6 71
1 2 34 5 6 71 2 34 5 6


a bc d ef g a b
 g a bc d ef g
 ef g a bc d ef
c d ef g a bc d
a bc d ef g a b
 g a bc d ef g

Identity
1     OR    1
               1

Half-Step
34    OR    4 
              3

Whole-Step
1 2   OR    2
             1

Plus-Step
3  5  OR   5
           3

Min3
*
1

Maj3
3
1

P4
4 
   4
 1

P5
  5
    5
 1

 71
  6 71   
   5   
   34  
    2       <-- the next note in the scale is up a string and maybe one fret over
     1


I
 71
  6
 4 5
 2 3
  1

  71
 5 6
 34
1 2

     71
  4 5 6
1 2 3

    5 6 71
1 2 34


ii
  2
  71
 5 6
 34
  2

 1 2
 6 7
4 5 
2 3

   71 2
  5 6
2 34

    6 71 2
2 34 5


iii
  3
   2  
   71
  5 6
  34

 2 3
 71
5 6
34

    2 3
  6 71
34 5

    71 2 3
34 5 6


 34 5 6 71 2 34 5 6 71
1 2 34 5 6 71 2 34 5
6 71 2 34 5 6 71 2 34 5
 5 6 71 2 34 5 6 71 2 34
 34 5 6 71 2 34 5 6 71
1 2 34 5 6 71 2 34 5 6


IV

 34       
  2       
  71      
 5 6      
  4       

  34
 1 2
 6 7
4 5 

     34
   71 2 
4 5 6

    1 2 34
4 5 6 7


V
  5
  34
 1 2
 6 7
  5

 4 5 
 2 3 
 71
5 6

    4 5
  1 2 3
5 6 7

    2 34 5
5 6 71


vi
  6
 4 5
 2 3
 71
  6

 5 6
 34
1 2  
6 7  

    5 6
  2 34
6 71

    34 5 6
6 71 2


vii
  71
   6
  4 5
  2 3
  71

 6 7
4 5
2 3
71

    6 71
  34 5
71 2

   4 5 6 7
71 2 3

 34 5 6 71 2 34 5 6 71
1 2 34 5 6 71 2 34 5
6 71 2 34 5 6 71 2 34 5
 5 6 71 2 34 5 6 71 2 34
 34 5 6 71 2 34 5 6 71
1 2 34 5 6 71 2 34 5 6
