 34 5 6 71 2 34
 71 2 34 5 6 71 
5 6 71 2 34 5 6
2 34 5 6 71 2 34
 6 71 2 34 5 6
 34 5 6 71 2 34


 34 5 6 71 2 34 5 6 71 2 34 5
 71 2 34 5 6 71 2 34 5 6 71 2
5 6 71 2 34 5 6 71 2 34 5 6 7
2 34 5 6 71 2 34 5 6 71 2 34 
 6 71 2 34 5 6 71 2 34 5 6 71
 34 5 6 71 2 34 5 6 71 2 34 5

---

 34 5 6 71 2 34 5 6 71 2 34 5
 71 2 34 5 6 71 2 34 5 6 71 2
4 5 6 71 2 34 5 6 71 2 34 5 6 7
1 2 34 5 6 71 2 34 5 6 71 2 34 
 6 71 2 34 5 6 71 2 34 5 6 71
 34 5 6 71 2 34 5 6 71 2 34 5

 3  5    1   3  5    1   3  5
  1   3  5    1   3  5    1  
  5    1   3  5    1   3  5    
1   3  5    1   3  5    1   3  
    1   3  5    1   3  5    1
 3  5    1   3  5    1   3  5

---

E    1 2 34 5 6 71 2 34 5 6
B    5 6 71 2 34 5 6 71 2 3
F#   2 34 5 6 71 2 34 5 6 7
C#   6 71 2 34 5 6 71 2 34 
A    4 5 6 71 2 34 5 6 71
E    1 2 34 5 6 71 2 34 5 6


