Open Tuning


"E"
5 6 71 2 34 5 6 71 2 34 5
1 2 34 5 6 71 2 34 5 6 71
34 5 6 71 2 34 5 6 71 2 3
1 2 34 5 6 71 2 34 5 6 71
5 6 71 2 34 5 6 71 2 34 5
1 2 34 5 6 71 2 34 5 6 71


"G"
1 2 34 5 6 71 2 34 5 6 7
5 6 71 2 34 5 6 71 2 34 
1 2 34 5 6 71 2 34 5 6 7
5 6 71 2 34 5 6 71 2 34 
34 5 6 71 2 34 5 6 71 2 
1 2 34 5 6 71 2 34 5 6 7


"A"
5 6 71 2 34 5 6 71 2 34 5
34 5 6 71 2 34 5 6 71 2 3
1 2 34 5 6 71 2 34 5 6 71
5 6 71 2 34 5 6 71 2 34 5
1 2 34 5 6 71 2 34 5 6 71
5 6 71 2 34 5 6 71 2 34 5


"C"
34 5 6 71 2 34 5 6 71 2 3
1 2 34 5 6 71 2 34 5 6 71
5 6 71 2 34 5 6 71 2 34 5
34 5 6 71 2 34 5 6 71 2 3
1 2 34 5 6 71 2 34 5 6 71
34 5 6 71 2 34 5 6 71 2 3


"D"
34 5 6 71 2 34 5 6 71 2 3
1 2 34 5 6 71 2 34 5 6 71
5 6 71 2 34 5 6 71 2 34 5
1 2 34 5 6 71 2 34 5 6 71
5 6 71 2 34 5 6 71 2 34 5
2 34 5 6 71 2 34 5 6 71 2
