



I	= 71 2
II	= 2 34
III	= 34 5
V	= 5 6
VI	= 6 71


I	II	III	V	I	
III	VI	I	II	III	
II	III	V	VI	I


1 2 34 5 6 71 2 34 5 6 7
5 6 71 2 34 5 6 71 2 34 
2 34 5 6 71 2 34 5 6 71 2
6 71 2 34 5 6 71 2 34 5 6
34 5 6 71 2 34 5 6 71 2 3
71 2 34 5 6 71 2 34 5 6 7


 1           1           
      1           1      
          1           1  
   1           1         
        1           1    
 1           1           

1      5    1      5    
5    1      5    1      
     5    1      5    1  
   1      5    1      5  
   5    1      5    1    
 1      5    1      5    

