P4
6 71 2 34 5 6 71 2 34 5 6 71
34 5 6 71 2 34 5 6 71 2 34 5
71 2 34 5 6 71 2 34 5 6 71 2
 5 6 71 2 34 5 6 71 2 34 5 6
 2 34 5 6 71 2 34 5 6 71 2 34
 6 71 2 34 5 6 71 2 34 5 6 71
 34 5 6 71 2 34 5 6 71 2 34 5
 71 2 34 5 6 71 2 34 5 6 71 2
4 5 6 71 2 34 5 6 71 2 34 5 6


?
  71 2 34 5 6 71 2 34 5 6 71
  5 6 71 2 34 5 6 71 2 34 5
  2 34 5 6 71 2 34 5 6 71 2
 5 6 71 2 34 5 6 71 2 34 5 6
2 34 5 6 71 2 34 5 6 71 2 34
6 71 2 34 5 6 71 2 34 5 6 71


Maj Triads
  71 2 34 5 6 71 2 34 5 6 71
 5 6 71 2 34 5 6 71 2 34 5
2 34 5 6 71 2 34 5 6 71 2
 5 6 71 2 34 5 6 71 2 34 5 6
 34 5 6 71 2 34 5 6 71 2 34
71 2 34 5 6 71 2 34 5 6 71
