 1 2 3  5 6  1 2 3
 5 6  1 2 3  5 6  
2 3  5 6  1 2 3  5
6  1 2 3  5 6  1 2
3  5 6  1 2 3  5 6
 1 2 3  5 6  1 2 3
                  
 1 2  4 5 6  1 2  
 5 6  1 2  4 5 6  
2  4 5 6  1 2  4 5
6  1 2  4 5 6  1 2
 4 5 6  1 2  4 5 6
 1 2  4 5 6  1 2  
                  
7  2 3  5 6 7  2 3
 5 6 7  2 3  5 6 7
2 3  5 6 7  2 3  5
6 7  2 3  5 6 7  2
3  5 6 7  2 3  5 6
7  2 3  5 6 7  2 3


 1		 4		 5
 5		 1		 2
2		5		6 
6		2 		3 
3		6 		7 
 1		 4		 5

 2		 5		 6
 6		 2		 3
3 		6 		7 
 1		 4		 5
 5		 1		 2
 2		 5		 6

---

71 2 34 5 6 71 2 34
 5 6 71 2 34 5 6 71
2 34 5 6 71 2 34 5
6 71 2 34 5 6 71 2
34 5 6 71 2 34 5 6
71 2 34 5 6 71 2 34

