~   1   2   3   4   5   6   7
            4               1
@   2   3       5   6   7           
        4   5           1   2
#   3           6   7             
$   4   5   6       1   2   3       
                7           4
%   5   6   7   1   2   3            
            1           4   5
^   6   7       2   3              
        1   2       4   5   6
&   7           3                
*   1   2   3   4   5   6   7                  


1   1 

2   2 

3   3   3


5   5   5
 
6   6   6


1   1   1
