I
    up
        6  1   2  4
        4 5    6  1
        1 2     4 5
    main
        6  1   2 3
        3  5   6  1
        1 2    3  5
    down
        6 7     2 3
        3  5    6 7
        7  2    3  5

II
    up
         1 2    3  5
         5 6     1 2
         2  4    5 6   
    main
         1 2    3  5
         5 6    7  2
         2 3     5 6
    down
        7  2    3 ?
         5 6    7  7
         2 3    ?  6

III
    up
        2  4    5 6
        6  1    2  4
         4 5    6  1
    main
        2 3     5 6
        6  1    2 3
        3  5    6  1
    down
        2 3     5 6
        6 7     2 3
        3  5    6 7
V
    up
        3  5    6  1
         1 2     4 5
         5 6     1 2
    main
        3  5    6  1
        7  2    3  5
         5 6     1 2
    down
        3 ?
        7  2
        ?  6
VI
    up
    main
    down

    ---

    6 -1    2 3-
    3- 5    6 -1
    -1 2    3- 5

    