        |           |           |   4/4     |           |   
5/1     |   5/2     |   5/3     |   5/4     |   5/5     |   
6/1     |   6/2     |   6/3     |   6/4     |   6/5     |   
        |   7/2     |   7/3     |           |   7/5     |   
        |           |           |           |           |   
2 34    |   34 5    |   5 6     |   5 6     |   6 71    |   
6 71    |   71 2    |   2 34    |   2 34    |   34 5    |   
34 5    |    5 6    |   6 71    |   6 71    |   71 2    |   
 1      |    2      |   3       |    4      |    5      |   
 5 6    |    6 71   |   71 2    |   71 2    |    2 34   |   


  
1 2 3 4 5 6 7
2 3 4 5 6 7 1
3 4 5 6 7 1 2
4 5 6 7 1 2 3
5 6 7 1 2 3 4
6 7 1 2 3 4 5
7 1 2 3 4 5 6
