Triad Walk

4 5 6 71 2 34 5 6 71 2
1 2 34 5 6 71 2 34 5 6
5 6 71 2 34 5 6 71 2 34

135 136 146
246 247 257
357 351 361
461 462 472
572 573 513
613 614 624
724 725 735

	135	357	572	724	246	461	613
	246	461	613	135	357	572	724
	357	572	724	246	461	613 135
	461	613	135	357	572	724 246
	572	724	246	461	613 135 357
	613	135	357	572	724 246 461
	724	246	461	613 135 357 572


135
246
357
461
572
613
724

351
462
573
614
725
136
247

513
624
735
146
257
361
472


135
136
146
246
247
257
357
351
361
461
462
472
572
573
513
613
614
624
724
725
735


1		3		5							
1		3			6						
1			4		6						
	2		4		6						
	2		4			7					
	2			5		7					
		3		5		7					
		3		5			1				
		3			6		1				
			4		6		1				
			4		6			2			
			4			7		2			
				5		7		2			
				5		7			3		
				5			1		3		
					6		1		3		
					6		1			4	
					6			2		4	
						7		2		4	
						7		2			5
						7			3		5


1 2 34 5 6 71 2 34 5 
5 6 71 2 34 5 6 71 2 
2 34 5 6 71 2 34 5 6 
6 71 2 34 5 6 71 2 34
34 5 6 71 2 34 5 6 71
71 2 34 5 6 71 2 34 5


Seventh Arpeggios:

   7
 3  5
  1

 6  1
  4  
    2

 2
   7
 3  5

   3 		1   3
 6  1		  6 
  4  		   4

 2  4
   7
    5 

 5
   3
 6  1

 6
 2  4
   7
