# Triad Drills

## Ref

	135	357	572	724	246	461	613
	246	461	613	135	357	572	724
	357	572	724	246	461	613 135
	461	613	135	357	572	724 246
	572	724	246	461	613 135 357
	613	135	357	572	724 246 461
	724	246	461	613 135 357 572


|1 3 5|3 5 7|5 7 2|2 4 6|4 6 1|6 1 3|1 3 5|

|1 3 5 7 5 3|5 7 2 4 2 7|2 4 6 1 6 4|
|6 1 3 5 3 1|3 5 7 2 7 5|7 2 4 6 4 2|

|1 3 5|7 5 3|
|2 4 6|1 4 6|
|3 5 7|2 7 5|
|4 6 1|3 1 6|
|5 7 2|4 2 7|
|6 1 3|5 3 1|
|7 2 4|6 4 2|


  7
3  5
 1

    5
  1   3
    6


 1
 5
   3


## Modals

747
151
246
737
141
257
136
247

262
357
461
252
361
2-7
151
462

373
414
572
363
472
513
462
573
414

525
613
74-
513
624
573
614
525

636
72-
135
626
735
146
725
136


## Walk

135
136
146
246
247
257
357
351
361
461
462
472
572
573
513
613
614
624
724
725
735