
  5 6 71       5 6 71 
1 2 34      1 2 34    
                    
  6 71 2     6 71 2  
2 34 5      2 34 5    
                    
  71 2 3     71 2 3  
34 5 6      34 5 6    
                    
  1 2 34       1 2 34  
4 5 6 7     4 5 6 7   
                    
  2 34 5       2 34 5  
5 6 71      5 6 71    
                    
  34 5 6       34 5 6  
6 71 2      6 71 2    
                    
 4 5 6 7      4 5 6 7
71 2 3      71 2 3    


     2 34 5
34 5 6 71 2 34
31 2 34 5 6 71
